fca8      fca23  fca35  fca43  fca45  fca77  fca90  fca96  fca126
Z12 3   123 143 136 140 144 144 120 122 157 158 144 144 107 107 210 212 142 144
Z13 3   135 135 134 140 144 144 120 122 161 161 144 144 93  105 210 220 144 144
Z14 3   115 121 132 150 144 152 118 122 152 158 144 144 107 113 214 220 142 142
Z15 3   121 123 140 140 144 152 122 128 152 152 144 144 93  107 212 210 136 142
Z16 3   121 121 140 140 144 152 118 122 152 158 144 144 109 115 212 220 142 150
Z17 1   121 123 132 132 138 144 120 120 158 161 150 150 109 111 212 212 142 144
Z18 3   121 141 140 140 144 144 120 122 152 158 144 150 107 109 210 210 140 142
Z19 3   123 135 134 138 138 138 120 132 144 155 144 150 105 109 210 212 142 144
Z20 2   115 121 134 134 -9  -9  120 120 157 161 144 148 109 109 204 224 142 146
Z21 2   115 121 134 134 144 144 120 128 155 157 150 150 109 109 184 224 140 140
Z30 3   123 137 132 140 138 144 122 128 144 144 134 144 105 93  210 210 140 142
Z31 3   135 143 140 144 144 144 128 128 155 155 148 154 113 93  210 212 142 142
Z34 3   123 137 132 140 138 144 128 128 149 155 144 148 113 93  210 210 142 146
DB1 2   145 147 132 140 138 144 118 120 151 156 144 144 107 109 212 212 142 142
DB2 2   121 137 134 140 144 144 120 120 144 157 144 148 91  109 210 210 138 140
DB3 3   123 137 134 134 144 144 120 120 158 158 144 145 107 113 210 218 140 142
DB5 2   123 135 140 140 144 144 128 132 152 153 144 152 109 109 210 212 140 144
DB6 2   123 123 132 132 138 144 120 120 155 161 144 150 109 109 210 224 138 138
DB7 5   123 123 134 150 138 138 120 120 154 155 144 150 111 113 210 224 140 140
DB8 3   143 143 136 150 138 138 128 128 155 155 150 152 93  113 -9  -9  138 142
DB9 2   123 135 134 146 144 144 126 128 158 158 150 150 107 107 212 212 140 144
DB10    3   123 139 140 140 138 144 118 124 144 160 144 150 109 109 210 218 140 140
DB11    3   135 141 134 150 138 144 120 122 161 161 144 150 109 109 210 218 138 140
DB12    1   123 143 134 134 138 138 120 120 155 157 148 148 109 111 210 210 138 138
DB16    2   121 135 132 134 138 138 120 120 152 158 144 148 109 111 210 224 140 144
DB17    3   121 135 134 134 138 144 120 128 156 158 144 144 109 111 210 224 140 140
DB18    3   123 135 132 134 138 138 122 128 156 158 144 148 109 111 210 212 138 140
DB19    3   137 145 134 134 144 144 122 130 144 157 144 152 91  91  210 210 140 142
DB21    5   121 121 134 150 -9  -9  120 128 157 161 -9  -9  111 111 208 210 140 140
DB22    2   123 141 134 140 138 144 120 120 155 155 144 148 109 113 212 212 140 148
DB23    2   123 123 150 150 138 144 120 120 152 161 148 148 91  105 184 184 140 140
DB24    3   135 147 140 140 138 138 128 128 160 163 144 144 109 113 210 210 140 142
DB25    4   121 123 134 134 138 144 120 128 157 157 148 150 105 113 210 210 138 140
DB26    5   123 137 140 140 138 138 120 120 144 157 144 150 105 113 210 224 140 142
DB27    5   123 143 150 150 138 144 118 120 156 156 144 150 113 109 210 210 138 138
DB28    3   123 123 132 140 138 144 128 134 151 159 144 150 109 113 210 210 140 144
DB29    5   123 137 134 134 138 144 120 120 156 157 144 150 109 113 224 224 138 140
DB30    5   121 141 134 140 138 144 118 128 154 160 144 150 111 113 212 224 140 142
DB32    4   121 141 134 134 -9  -9  120 120 156 156 144 145 109 113 208 208 138 138
DB35    2   123 139 132 134 144 144 120 122 154 158 150 150 109 111 212 224 140 144
DB36    2   123 123 132 134 138 144 120 120 158 158 144 150 109 111 224 224 140 142
DB37    3   121 123 134 134 144 162 120 120 152 152 144 144 111 111 184 184 142 150
DB39    4   121 141 134 150 144 144 120 120 154 163 150 150 111 111 212 224 138 142
DB66    1   -9  -9  -9  -9  -9  -9  -9  -9  156 160 -9  -9  91  109 220 224 -9  -9
DB75    2   139 143 140 150 138 144 118 120 152 155 144 145 91  109 210 184 140 148
DB76    4   123 123 132 140 144 144 118 118 149 149 144 152 107 113 214 218 144 144
DB77    2   121 121 134 134 138 144 118 120 154 156 148 148 109 111 212 224 138 140
DB78    3   121 135 134 134 -9  -9  120 120 157 160 148 150 109 111 210 218 140 144
DB79    3   121 123 134 134 144 148 120 120 153 160 148 150 91  109 212 224 140 144
DB80    3   141 141 134 134 138 144 128 134 144 156 144 148 91  109 210 224 140 140
DB81    3   141 141 134 134 138 144 120 128 156 159 144 144 109 113 212 212 140 142
DB82    5   121 121 134 134 138 144 120 128 154 163 144 148 107 111 214 214 140 140
DB83    3   123 137 140 150 138 144 120 120 149 149 144 152 109 113 210 210 142 142
DB84    3   141 141 134 152 138 144 120 120 152 158 144 148 109 109 212 224 142 142
DB85    3   139 139 134 140 144 144 122 122 154 160 145 149 111 113 224 224 138 140
DB86    5   141 141 132 134 138 144 122 128 156 159 144 144 109 111 208 224 138 140
DB87    3   123 141 140 150 138 148 118 130 156 156 144 148 93  113 210 210 142 142
DB88    4   135 141 134 150 144 144 118 120 158 158 -9  -9  111 111 210 210 140 142
DB89    3   123 123 144 150 138 144 122 128 149 155 144 144 93  93  210 210 140 148
DB90    3   139 145 140 150 138 138 118 126 154 155 144 146 113 113 210 220 140 142
DB91    2   121 121 132 134 138 144 120 128 156 159 144 144 113 113 212 212 140 148
DB92    4   123 139 -9  -9  -9  -9  118 124 144 158 144 150 107 107 210 220 142 142
DB93    3   123 123 134 142 138 144 122 128 152 163 144 148 113 113 212 214 142 144
DB94    3   139 143 132 140 138 138 122 128 144 158 144 147 93  113 184 210 144 146
DB95    3   141 143 132 140 138 138 120 120 144 159 144 145 105 107 210 224 140 142
DB96    3   135 143 150 150 144 144 120 128 157 158 144 156 113 115 210 210 140 146
DB97    3   123 123 136 140 144 162 122 128 158 160 144 144 93  107 210 210 142 142
DB98    3   121 123 150 150 144 144 120 122 153 158 144 148 111 111 210 224 140 140
DB99    2   123 135 134 146 144 144 120 120 153 156 148 150 107 109 212 224 140 142
DB101   2   121 121 132 132 138 144 120 128 158 158 150 150 111 111 212 224 140 142
DB102   5   139 141 134 134 144 144 120 122 159 159 144 144 109 111 208 224 138 140
DB103   3   123 135 134 134 138 144 120 124 155 155 148 148 111 117 224 224 140 144
DB104   3   145 145 150 150 144 144 122 128 156 160 144 145 91  105 184 220 138 146
DB105   5   121 139 134 150 138 138 120 120 150 158 144 148 109 111 210 212 144 150
DB106   2   123 139 134 134 138 144 120 120 158 158 144 150 111 115 224 224 144 146
DB107   4   121 141 134 134 138 144 122 122 154 154 144 144 113 115 224 224 140 140
DB108   3   135 141 134 140 144 144 120 122 155 155 148 150 109 113 210 224 138 150
DB110   5   123 137 132 134 138 138 122 128 152 158 144 148 109 111 224 224 140 148
DB111   3   141 141 132 134 138 138 118 120 152 158 144 148 -9  -9  224 224 142 150
DB112   5   123 143 134 150 138 138 120 128 153 153 148 150 109 113 204 210 140 140
DB113   4   123 143 134 150 138 144 120 120 154 154 150 150 109 109 210 184 142 142
DB114   3   137 141 142 152 138 144 128 130 -9  -9  145 145 107 107 224 224 142 144
DB115   2   121 121 132 134 144 162 120 120 155 155 144 147 109 113 212 224 140 140
DB116   2   121 121 -9  -9  138 144 120 128 158 158 144 150 109 111 210 224 140 140
DB117   3   121 123 140 140 138 144 120 120 158 158 144 150 111 111 210 212 140 142
DB118   3   123 143 140 140 138 138 122 128 152 154 144 144 93  113 210 210 138 140
DB119   2   123 139 134 134 138 144 120 122 152 158 150 150 109 109 224 224 144 146
DB120   3   135 145 -9  -9  138 138 118 118 149 155 144 152 109 111 204 210 142 150
MD1 1   123 123 132 134 144 144 120 120 153 159 144 145 107 111 210 224 138 140
MD2 2   123 141 134 134 144 144 120 120 144 155 150 150 105 115 184 210 140 144
MD3 1   123 141 134 134 144 144 118 120 153 158 144 150 109 113 184 210 142 146
MD4 3   121 137 134 140 138 138 120 120 155 156 144 150 109 113 210 210 140 140
MD12    2   123 141 134 134 138 144 120 120 151 151 145 151 109 113 212 212 138 146
MD13    1   123 141 132 134 138 144 120 124 151 157 148 150 103 109 224 224 138 142
MD14    2   121 123 134 134 144 144 120 122 153 153 148 148 105 107 224 224 140 142
MD15    4   121 121 134 140 -9  -9  120 122 144 153 144 148 113 113 212 224 138 138
MD16    4   121 135 132 134 138 138 120 128 151 157 144 144 109 111 210 224 136 140
MD17    4   141 141 132 134 -9  -9  122 128 158 158 144 144 -9  -9  210 224 138 140
MD20    3   135 135 134 144 138 144 120 122 144 155 144 152 91  115 210 224 140 142
MD21    5   141 141 132 134 138 144 120 122 155 159 144 150 105 105 210 218 140 142
MD22    1   121 123 134 140 138 144 120 122 155 159 144 148 109 113 212 212 142 150
MD23    1   121 141 134 140 138 138 122 128 159 159 148 148 107 109 210 212 140 140
MD24    2   121 141 134 140 138 138 122 122 155 159 144 148 105 111 224 224 140 142
MD25    1   121 139 134 134 144 144 122 122 156 156 144 145 109 113 212 224 140 140
MD26    1   121 141 134 140 138 138 122 122 159 159 144 148 107 111 212 212 138 140
MD27    2   121 141 132 140 144 144 128 128 155 159 144 145 107 111 210 224 140 140
MD28    1   121 141 134 134 138 144 122 120 159 163 144 144 107 109 212 224 140 140
MD29    5   141 141 132 140 144 144 122 128 144 154 144 150 105 105 210 210 140 144
MD30    6   121 141 134 134 144 144 122 128 159 159 144 145 109 113 210 224 140 140
MD31    6   141 141 132 140 138 138 122 128 159 163 144 148 111 111 212 224 138 140
MD32    2   121 141 134 134 144 144 120 122 156 156 144 145 111 113 208 224 140 140
MD33    4   121 123 132 150 138 138 120 120 144 155 144 148 105 109 224 224 140 142
MD34    1   121 141 132 134 138 144 122 122 154 155 144 144 111 113 220 224 140 140
MD35    4   123 139 132 134 138 144 120 128 154 158 150 151 109 113 212 224 142 146
MD36    1   123 123 132 134 -9  -9  120 128 158 158 145 151 109 111 224 224 142 144
MD37    2   123 137 134 140 138 144 128 128 154 154 144 146 91  109 210 212 140 144
MD39    2   121 141 134 150 144 144 120 120 154 163 148 149 111 111 208 208 140 140
MD40    3   139 141 146 146 144 144 128 128 149 149 144 145 105 107 210 218 142 142
MD41    2   121 121 134 134 -9  -9  120 120 152 154 148 148 109 111 212 224 138 138
MD42    2   123 139 132 134 144 144 120 128 154 158 150 150 109 113 212 224 142 146
MD43    3   121 135 134 150 136 144 120 122 144 154 144 144 105 109 210 224 142 144
MD44    3   133 139 148 150 138 138 122 128 155 158 144 144 105 113 210 212 142 146
MD45    5   135 139 150 150 138 138 128 128 157 157 144 146 91  107 212 224 140 142
MD46    4   121 123 134 134 -9  -9  120 122 154 158 144 144 105 111 210 224 140 140
MD47    6   123 141 134 134 144 144 122 122 154 163 144 148 109 113 224 224 140 140
MD48    1   121 139 132 134 144 144 120 120 152 158 150 150 105 111 212 224 138 140
MD49    2   135 137 142 148 138 144 118 120 153 154 144 152 103 107 210 210 138 140
MD50    3   133 137 140 148 138 144 118 120 153 154 144 144 103 107 210 218 142 144
MD51    3   121 141 140 140 138 138 122 122 154 155 144 145 105 107 210 210 142 142
MD52    3   135 145 132 148 138 144 128 128 155 158 144 144 91  105 210 210 142 144
MD53    2   121 123 134 136 138 138 122 122 157 158 144 150 -9  -9  224 224 138 144
MD56    3   133 133 140 140 144 144 118 118 144 156 144 145 105 113 210 212 142 144
MD65    6   121 141 134 150 -9  -9  118 120 144 158 150 150 91  115 212 224 140 140
MD66    3   135 145 132 136 138 138 120 120 154 155 144 144 93  117 210 210 142 142
MD77    4   121 123 136 136 144 144 120 128 144 149 148 148 109 113 224 224 138 140
MD100   2   121 123 136 152 144 144 122 128 150 150 144 150 93  109 212 224 140 148
MD101   3   -9  -9  -9  -9  -9  -9  128 128 144 155 144 144 111 113 210 224 140 142
MD102   3   123 123 134 154 -9  -9  -9  -9  -9  -9  144 144 111 111 -9  -9  140 142
MD103   3   133 135 140 140 144 144 124 128 144 155 150 152 91  113 210 218 140 152
MD104   3   137 139 134 140 144 144 120 122 154 155 144 144 113 115 210 218 138 142
MD105   3   135 141 140 140 138 144 128 128 144 149 144 148 113 113 210 220 140 144
MD106   2   123 123 134 134 -9  -9  120 120 151 153 148 150 109 107 212 224 138 146
MD107   5   135 137 134 150 144 144 120 120 144 144 144 150 111 113 212 220 142 142
MD108   3   123 141 134 142 138 138 120 120 149 155 144 148 93  107 212 212 140 142
MD109   2   121 141 132 134 138 144 120 122 157 158 148 150 105 111 224 224 138 144
MD110   2   121 121 132 132 144 144 120 122 158 158 150 150 109 109 224 212 138 144
MD111   2   121 121 134 150 144 144 120 128 144 157 144 150 109 113 224 212 138 140
MD112   2   123 137 132 154 144 144 120 120 152 157 144 144 107 109 210 224 138 140
MD113   3   135 135 134 134 144 144 120 120 153 155 144 144 91  105 210 210 142 142
MD114   3   135 135 140 140 -9  -9  118 120 160 160 145 145 93  93  210 214 142 142
MD115   2   121 141 140 140 138 138 118 122 158 161 148 148 113 113 212 224 140 140
MD116   2   123 141 134 150 138 144 120 120 148 154 148 150 -9  -9  224 224 136 136
MD117   2   123 141 140 140 138 144 122 122 154 158 144 148 107 111 212 224 140 140
MD118   2   123 123 134 140 -9  -9  120 120 154 158 144 144 107 109 210 224 138 140
MD119   2   121 141 134 134 144 144 120 120 154 158 144 144 105 107 212 224 140 142
MD120   4   121 121 134 134 144 144 120 120 144 158 144 144 105 113 210 224 140 140
MD121   2   123 137 134 134 148 148 120 120 154 158 148 150 107 107 210 210 140 142
MD122   2   121 135 140 140 138 144 120 120 158 158 148 150 99  99  -9  -9  136 142
MD123   3   135 137 134 150 144 150 128 128 161 161 144 150 109 113 210 214 142 142
MD124   3   135 143 140 150 144 144 120 122 152 154 144 144 91  91  210 214 142 148
MD125   3   135 147 140 140 138 138 122 128 157 159 144 150 91  91  210 214 140 148
MD127   3   123 139 134 140 144 144 120 120 150 154 144 150 109 111 212 224 138 140
MD128   3   123 145 134 140 138 138 120 120 154 158 144 144 91  113 210 210 142 146
MD129   3   123 135 134 134 144 144 120 120 152 158 144 144 91  105 212 212 142 148
MD130   2   139 139 140 140 144 144 120 120 152 158 148 148 105 113 210 224 140 142
MD131   2   121 123 134 134 138 144 120 120 152 158 148 148 109 109 212 224 138 140
MD132   4   123 123 134 134 144 144 118 120 144 158 148 150 109 109 212 224 138 140
MD133   3   135 135 134 134 144 144 118 120 144 144 144 144 93  107 214 214 144 144
MD134   3   123 141 140 150 144 152 128 128 144 155 144 146 111 113 210 210 140 142
MD135   3   123 141 134 134 138 144 120 128 144 148 144 148 103 113 210 210 142 146
MD136   3   123 143 134 150 146 148 120 120 154 155 144 146 113 113 214 218 142 142
MD137   3   123 135 140 140 144 144 120 120 144 144 144 144 93  107 210 210 144 150
MD138   4   121 121 134 150 144 144 120 128 144 148 144 148 111 113 210 210 140 142
MD139   1   121 141 134 134 138 144 120 120 150 150 150 150 109 109 184 224 140 140
MD140   3   123 143 134 140 144 144 120 120 144 144 144 144 105 105 210 214 142 148
MD141   3   135 141 132 140 138 144 120 128 144 155 144 144 107 113 212 212 142 146
MD142   3   123 123 140 140 144 144 120 120 144 144 144 144 91  91  210 214 140 148
MD143   1   123 123 132 134 138 144 120 120 144 150 144 150 109 111 210 224 136 138
MD144   3   121 121 132 134 138 144 120 120 152 152 144 150 109 109 210 212 140 142
MD145   3   123 135 140 140 138 138 120 120 144 150 144 150 113 113 210 210 140 140
MD147   2   121 123 -9  -9  144 144 120 128 148 152 148 152 107 113 210 224 140 150
MD148   2   123 123 134 134 138 144 120 120 150 150 150 150 107 113 224 224 138 140
MD149   2   121 123 134 134 138 144 120 120 151 157 148 148 109 109 224 224 136 144
MD170   4   -9  -9  -9  -9  -9  -9  118 128 -9  -9  144 148 109 109 184 224 140 140
MD171   4   121 121 134 134 138 144 120 120 158 158 144 148 109 109 212 224 -9  -9
MD183   2   135 135 134 134 138 144 120 122 156 158 144 144 109 113 224 224 140 142
MD184   3   137 147 136 144 138 144 120 120 149 153 144 152 113 117 184 212 140 144
MD185   3   135 139 150 150 138 144 128 134 150 154 144 144 107 113 212 224 142 150
MD186   3   133 137 146 146 138 144 120 134 152 156 144 145 91  107 212 218 146 146
MD187   3   133 135 146 150 138 144 120 134 148 154 145 151 91  91  212 204 142 146
MD190   2   121 121 132 134 144 144 120 122 155 159 145 149 109 113 212 212 140 150
MD250   4   121 123 132 132 -9  -9  118 118 158 158 144 150 109 111 212 224 144 144
MD251   2   123 133 134 136 138 138 120 128 144 158 144 150 109 113 224 230 140 140
MD252   3   123 147 140 142 144 144 118 120 148 154 144 150 109 109 210 210 142 144
MD253   2   121 121 134 134 138 144 118 120 155 158 144 144 109 113 212 224 140 142
MD254   2   121 135 -9  -9  -9  -9  122 128 144 154 144 148 93  111 210 224 144 144
MD255   5   121 123 140 140 138 144 120 120 154 158 144 150 109 109 212 224 140 142
MD256   4   121 141 132 134 -9  -9  120 128 155 155 144 144 109 109 210 212 138 138
MD257   3   -9  -9  134 134 144 144 122 128 149 149 148 148 93  115 212 212 140 142
MD258   4   121 123 134 134 138 144 120 120 158 158 148 150 109 113 184 224 140 142
MD259   3   121 135 134 134 138 144 128 128 154 158 144 144 93  111 210 212 142 144
MD260   3   123 123 134 150 144 144 120 120 148 154 144 150 107 107 210 224 138 140
MD261   3   121 123 134 140 138 144 120 124 152 158 148 150 111 115 224 210 142 144
MD262   3   121 141 134 134 144 144 120 120 152 152 148 150 109 109 224 212 138 150
MD263   5   141 143 134 154 138 144 120 128 154 158 150 150 109 113 184 212 140 144
MD264   2   123 141 134 134 138 144 120 120 152 154 144 148 107 113 224 224 140 144
MD265   3   123 141 134 150 138 144 120 120 144 154 150 150 109 109 210 184 142 142
MD266   5   123 141 132 150 138 144 120 122 154 158 144 148 109 111 212 212 140 140
MD267   3   123 135 134 140 138 144 120 120 149 155 148 152 113 117 210 210 142 144
MD268   1   121 121 134 140 138 144 120 122 152 154 144 144 111 113 210 184 138 146
MD269   4   123 123 136 150 138 144 122 122 149 157 144 152 105 109 210 210 142 144
MD270   2   123 141 132 134 144 162 120 128 155 158 148 148 109 113 210 218 142 142
MD271   2   141 141 132 134 144 162 120 120 152 158 144 148 109 113 224 224 140 142
MD272   2   121 123 134 134 138 144 120 120 154 155 144 148 109 109 224 224 142 142
MD301   3   123 141 140 154 138 144 120 122 154 155 144 150 111 113 210 210 140 144
MD310   4   123 141 140 154 138 144 120 122 154 155 144 150 111 113 210 210 140 144
MD311   2   139 141 132 132 138 144 120 120 152 158 150 150 107 111 212 224 140 146
DC1 7   123 125 150 150 144 150 128 134 154 156 144 150 101 113 184 218 132 140
DC2 7   123 143 140 140 144 144 128 132 152 152 144 150 113 115 210 210 140 148
DC3 7   133 139 140 140 144 144 120 128 155 156 148 152 113 113 210 216 140 148
DC4 7   135 139 142 142 138 138 128 128 144 151 144 144 113 113 216 218 144 144
DC5 7   135 135 134 134 144 150 128 128 157 159 144 148 93  113 210 210 144 144
DC6 7   123 123 140 144 144 144 120 122 150 156 150 150 109 117 210 210 140 142
DC7 7   135 143 140 150 144 144 120 128 150 155 144 152 93  93  210 212 142 144
DC8 7   123 123 132 132 144 152 120 128 144 150 144 144 93  117 216 216 140 142
DC9 7   149 149 140 144 138 138 122 122 150 151 144 144 93  117 220 222 138 142
DC10    7   123 137 136 148 138 138 128 128 150 151 148 150 105 113 218 220 140 148
DC11    8   123 143 146 146 144 152 128 128 144 152 144 152 93  117 210 210 136 142
DC12    8   137 137 142 142 138 144 120 120 156 160 144 144 105 113 210 204 140 142
DC13    8   141 141 140 140 138 138 122 130 155 155 144 144 93  93  208 208 144 144
DC14    8   135 137 140 144 138 144 120 128 144 144 144 144 93  105 208 210 142 148
DC15    8   123 137 132 150 144 144 128 128 144 150 144 152 111 117 210 212 140 142
DC16    8   123 137 146 146 144 144 122 128 150 156 144 152 107 117 210 210 144 144
DC17    8   123 135 148 150 144 144 128 130 144 156 144 144 105 113 210 210 140 142
DC18    8   139 141 132 144 -9  -9  118 128 150 158 144 150 93  113 212 218 142 142
DC19    8   123 143 140 140 138 144 128 128 156 156 144 144 93  93  226 228 140 144
DC20    8   137 143 140 144 138 138 118 128 144 144 148 152 113 113 184 210 140 148
DC21    8   123 137 140 152 138 138 120 128 150 158 144 144 113 117 212 218 140 142
DC22    8   123 123 148 150 144 144 118 126 156 158 144 146 93  113 208 210 140 140
DC23    8   135 145 140 150 144 144 120 128 144 149 144 144 105 115 206 210 140 144
DC24    8   123 139 142 150 144 144 120 128 154 158 144 152 113 117 210 210 142 142
DC25    8   137 137 134 150 144 144 118 128 148 150 150 150 105 113 210 210 140 140
DC26    8   135 147 150 150 144 152 124 128 148 154 144 144 93  93  210 210 138 140
DC27    8   133 143 134 150 138 138 120 130 156 160 144 150 113 113 210 222 142 148
DC28    8   139 141 134 148 138 144 128 128 153 159 144 148 113 113 210 210 140 140
DC29    9   149 149 140 142 138 144 122 122 150 154 144 144 105 117 210 216 136 138
DC30    9   135 143 140 150 144 144 118 120 150 154 144 154 105 115 210 212 140 144
DC31    9   123 135 140 144 144 144 118 128 152 154 144 144 101 105 210 210 136 140
DC32    9   135 135 132 134 144 144 128 128 156 159 144 150 109 113 210 210 140 142
DC33    9   123 147 150 154 144 144 128 134 144 145 144 144 105 105 210 210 142 142
DC34    9   137 149 140 154 138 138 124 128 144 154 144 144 113 113 210 210 140 140
DC35    9   121 135 140 150 144 144 122 128 150 154 154 154 107 113 210 212 136 138
DC36    9   139 149 140 140 138 152 128 130 150 150 144 148 -9  -9  210 210 140 142
DC37    9   135 139 134 140 138 138 126 128 159 159 144 152 107 107 210 184 140 144
DC38    9   137 137 134 140 144 144 118 120 150 154 144 152 101 113 210 214 140 140
DC39    9   123 135 132 140 138 144 126 130 155 156 144 150 101 113 210 210 132 140
DC40    9   123 123 144 150 138 144 120 128 144 156 144 144 105 113 210 210 136 140
DC41    9   127 143 132 150 144 144 124 124 144 155 144 144 105 113 210 210 138 148
DC42    9   123 137 144 144 150 150 128 128 144 156 144 144 109 117 184 210 144 144
DC43    9   135 137 134 140 138 144 122 128 150 155 144 144 107 107 184 210 142 142
DC44    9   135 137 140 150 138 138 122 122 154 156 144 150 105 107 210 210 140 144
DC45    9   135 139 136 150 138 138 118 128 150 154 144 144 113 113 210 210 142 142
DC46    9   141 143 150 150 144 144 120 120 144 151 144 145 105 113 210 214 142 142
DC47    9   123 123 132 140 138 144 118 120 154 159 150 152 113 113 210 218 140 142
DC48    9   123 123 144 144 -9  -9  118 120 150 156 144 150 107 107 210 212 140 142
DC49    9   123 123 142 144 142 146 128 128 144 156 142 150 113 113 210 210 132 140
DC50    9   123 137 134 134 -9  -9  120 128 150 154 142 150 107 113 210 222 138 144
DC51    9   123 135 134 138 138 144 128 128 149 158 142 144 93  115 210 210 142 142
CD52    9   123 123 142 142 138 144 128 128 150 158 148 148 93  115 210 210 140 140
DC53    9   137 145 134 148 144 144 128 128 150 156 144 152 93  105 184 210 144 144
DC54    9   123 135 138 142 -9  -9  128 128 150 156 144 150 105 113 210 222 140 148
DC55    9   123 147 146 146 144 144 120 124 144 156 144 150 105 109 216 218 142 148
DC56    9   141 143 144 152 -9  -9  120 128 144 155 146 150 105 113 210 210 140 142
DC57    9   123 123 142 142 138 144 128 128 150 155 144 146 93  115 210 210 138 140
DC58    9   139 149 142 144 138 144 128 128 150 155 144 150 105 105 214 210 144 150
DC59    9   123 135 138 142 144 144 122 128 154 156 144 150 93  105 210 218 140 142
DC60    9   135 135 138 142 138 138 128 128 155 158 142 152 105 117 212 222 142 136
DC61    9   123 125 142 150 144 144 128 128 144 150 144 146 93  93  210 214 148 148
DC62    9   123 135 138 152 138 144 128 128 155 158 144 150 93  113 212 222 136 140
DC63    9   123 143 134 142 138 144 128 128 156 156 144 148 93  113 204 210 140 140
DC64    9   135 135 142 152 138 144 128 128 155 155 144 148 109 109 210 210 140 142
DC65    9   121 137 142 142 138 138 122 128 152 158 144 150 105 107 210 210 140 140
DC66    9   123 135 136 142 144 144 128 128 150 156 144 150 107 107 210 218 136 142
DC67    9   135 135 142 142 144 144 120 128 150 150 144 152 109 113 210 210 144 148
DC68    9   135 135 138 152 144 144 128 128 150 150 -9  -9  93  113 210 210 136 140
DC69    9   137 147 136 152 144 152 120 128 144 150 144 150 93  115 210 210 140 142
DC70    9   123 123 138 138 138 144 128 128 158 158 144 146 105 109 210 210 140 148
DC71    9   139 143 134 152 138 144 118 120 150 156 152 152 105 107 210 210 144 144
DC72    9   137 147 152 156 144 144 118 128 144 155 144 144 105 105 210 210 138 142
DC73    9   123 149 138 138 144 148 128 128 156 160 144 146 109 113 210 222 144 148
DC74    9   -9  -9  142 150 144 144 122 128 155 155 144 146 105 105 210 212 140 140
DB41    4   123 123 132 134 -9  -9  120 122 152 154 144 144 113 115 224 224 138 140
DB44    1   121 123 132 134 -9  -9  120 120 -9  -9  144 148 -9  -9  212 224 138 142
DB47    4   121 141 132 132 -9  -9  120 122 158 158 144 148 113 115 212 224 140 140
DB49    1   121 123 134 134 -9  -9  120 120 -9  -9  144 148 -9  -9  212 224 138 140
DB51    1   121 121 134 134 -9  -9  120 120 152 152 144 148 -9  -9  224 224 138 142
DB58    1   121 123 132 134 -9  -9  120 122 154 154 148 150 115 115 212 224 138 140
DB65    1   121 123 134 134 -9  -9  120 120 -9  -9  144 148 115 115 212 224 138 140
DB68    1   123 123 132 134 -9  -9  120 120 -9  -9  144 144 -9  -9  224 224 138 142
DB69    4   121 121 134 134 -9  -9  120 120 -9  -9  148 150 -9  -9  212 224 138 140
MD81    1   121 123 132 134 -9  -9  120 122 154 158 144 144 -9  -9  212 224 138 142
MD82    1   141 141 -9  -9  -9  -9  120 122 -9  -9  -9  -9  -9  -9  -9  -9  -9  -9
MD85    1   121 123 134 134 -9  -9  120 120 152 152 144 144 113 115 224 224 138 140
MD95    1   -9  -9  150 152 -9  -9  -9  -9  -9  -9  -9  -9  -9  -9  -9  -9  -9  -9
